{
  "upAxis": "z",
  "top": {
    "fov": 45,
    "near": 0.1,
    "far": 100,
    "x": 0.36923,
    "y": 6.39093,
    "z": 17.82704,
    "sizeX": 2048,
    "sizeY": 2048
  },
  "cash_counter": {
    "x": -0.79681,
    "y": 9.72238,
    "z": 1.6,
  },
  "toilet": {
    "x": 2.15423,
    "y": 10.03155,
    "z": 1.6,
  },
  "clothes_closet": {
    "x": -0.25527,
    "y": 7.73812,
    "z": 1.6,
  },
  "shoes_closet": {
    "x": -0.25527,
    "y": 4.13063,
    "z": 1.6,
  },
  "front_door": {
    "x": -0.25527,
    "y": 1.11499,
    "z": 1.6,
  }
}
